[ 3585.271864] [Project1] 63275 1588599591.798304473 1588599592.591331368
[ 3586.890658] [Project1] 63283 1588599593.438228647 1588599594.210172393
[ 3588.523588] [Project1] 63316 1588599595.024194590 1588599595.843155779
[ 3590.126696] [Project1] 63636 1588599596.647584322 1588599597.446314480
[ 3591.745840] [Project1] 64259 1588599598.250568228 1588599599.065507900
[ 3593.299060] [Project1] 64294 1588599599.872130055 1588599600.618777271
[ 3594.934824] [Project1] 64299 1588599601.428840732 1588599602.254587251
[ 3596.556204] [Project1] 64352 1588599603.055756004 1588599603.876021278
[ 3598.119211] [Project1] 64359 1588599604.639003301 1588599605.439078900
[ 3599.772560] [Project1] 64428 1588599606.273924113 1588599607.092479792
